fury of the storm trim.wav
145860
560 0 2
560 300 3
860 0 1
860 0 0
1010 0 2
1160 0 3
1160 0 0
1310 0 1
1460 0 2
1460 300 3
1610 0 1
1760 300 0
2060 0 2
2060 0 3
2210 0 1
2360 0 0
2360 0 3
2510 0 1
2660 0 2
2660 300 0
2960 1200 3
3185 0 2
3260 0 1
3410 0 0
3560 0 2
3710 0 1
3860 0 2
4010 0 0
4160 0 2
4235 0 0
4310 0 2
4385 0 0
4460 0 3
4535 0 1
4610 0 3
4685 0 1
4760 0 2
4835 0 1
4910 0 3
4985 0 0
5060 300 3
5360 0 2
5360 300 0
5660 0 2
5660 0 3
5810 0 1
5960 0 0
5960 0 3
6110 0 2
6260 0 1
6260 300 0
6560 300 3
6560 0 2
6860 0 1
6860 0 0
7010 0 2
7160 0 3
7160 0 0
7310 0 2
7460 0 1
7460 300 3
7760 0 2
7760 0 1
7760 0 0
8060 0 1
8060 0 0
8060 0 3
8360 0 1
8360 0 3
8360 0 2
8660 0 2
8660 0 3
8660 0 0
8960 0 0
8960 0 2
8960 0 1
8960 0 3
9260 0 1
9260 0 0
9260 0 2
9260 0 3
9560 0 0
9560 0 1
9560 0 2
9560 0 3
9710 0 2
9785 0 1
9860 0 0
9860 0 3
10160 0 3
10160 0 2
10235 0 1
10310 0 0
10310 0 3
10385 0 2
10460 0 1
10460 0 0
10535 0 2
10610 0 3
10610 0 1
10685 0 0
10760 0 3
10760 0 2
10835 0 1
10910 0 2
10985 0 0
11060 0 3
11135 0 2
11210 0 1
11285 0 0
11360 0 2
11360 0 3
11435 0 1
11510 0 0
11510 0 3
11585 0 2
11660 0 1
11660 0 0
11735 0 2
11810 0 3
11810 0 1
11885 0 0
11960 0 2
11960 0 3
12035 0 1
12110 0 2
12185 0 0
12260 0 3
12335 0 2
12410 0 1
12485 0 3
12560 0 1
12560 0 0
12635 0 2
12710 0 3
12710 0 1
12785 0 0
12860 0 3
12860 0 2
12935 0 1
13010 0 0
13010 0 3
13085 0 2
13160 0 1
13160 0 0
13235 0 3
13310 0 2
13385 0 1
13460 0 2
13535 0 0
13610 0 1
13685 0 3
13760 0 1
13760 0 0
13835 0 2
13835 0 3
13910 0 0
13910 0 1
13985 0 2
13985 0 3
14060 0 0
14135 0 1
14210 0 2
14285 0 3
14360 0 1
14360 0 0
14435 0 2
14435 0 3
14510 0 0
14510 0 1
14585 0 2
14585 0 3
14660 300 0
14810 0 1
14960 0 2
14960 0 3
15035 0 1
15110 0 0
15110 0 3
15185 0 2
15260 0 1
15260 0 0
15335 0 2
15410 0 3
15410 0 1
15485 0 2
15560 0 1
15560 0 0
15635 0 3
15710 0 1
15785 0 2
15860 0 0
15935 0 1
16010 0 2
16085 0 3
16160 0 2
16160 0 0
16235 0 1
16310 0 2
16310 0 3
16385 0 0
16460 0 2
16460 0 3
16535 0 1
16610 0 0
16610 0 3
16685 0 2
16760 0 1
16760 0 3
16835 0 0
16910 0 2
16985 0 1
17060 0 3
17135 0 2
17210 0 1
17285 0 0
17360 0 2
17360 0 3
17435 0 1
17510 0 0
17510 0 3
17585 0 2
17660 0 3
17660 0 1
17735 0 0
17810 0 2
17810 0 3
17885 0 1
17960 0 0
17960 0 2
18035 0 3
18110 0 2
18185 0 0
18260 0 1
18335 0 3
18410 0 0
18485 0 1
18560 0 2
18560 0 3
18635 0 0
18710 0 2
18710 0 3
18785 0 0
18860 0 2
18860 0 3
18935 0 1
19010 0 2
19010 0 3
19085 0 1
19160 0 2
19160 0 3
19235 0 0
19310 0 2
19310 0 3
19385 0 0
19460 300 3
19610 0 2
19760 0 0
19760 0 1
19835 0 2
19910 0 3
19910 0 1
19985 0 0
20060 0 1
20060 0 2
20135 0 3
20210 0 2
20210 0 0
20285 0 1
20360 0 0
20360 0 3
20435 0 2
20510 0 1
20585 0 3
20660 0 1
20660 0 0
20735 0 2
20810 0 3
20885 0 1
20960 0 2
20960 0 3
21035 0 1
21110 0 0
21110 0 3
21185 0 2
21260 0 1
21260 0 0
21335 0 2
21410 0 3
21410 0 1
21485 0 0
21560 0 2
21560 0 3
21635 0 1
21710 0 2
21785 0 0
21860 0 1
21860 0 3
21935 0 2
22010 0 1
22085 0 0
22160 0 2
22160 0 3
22235 0 1
22310 0 0
22310 0 3
22385 0 2
22460 0 1
22460 0 0
22535 0 2
22610 0 3
22610 0 1
22685 0 0
22760 0 2
22760 0 3
22835 0 1
22910 0 2
22985 0 0
23060 0 3
23135 0 2
23210 0 1
23285 0 0
23360 0 2
23360 0 3
23435 0 0
23435 0 1
23510 0 2
23510 0 3
23585 0 0
23585 0 1
23660 0 3
23735 0 2
23810 0 1
23885 0 0
23960 0 2
23960 0 3
24035 0 1
24110 0 0
24185 0 1
24260 0 3
24260 300 2
24410 0 0
24560 0 3
24635 0 0
24710 0 3
24785 0 2
24860 0 1
24860 0 0
24935 0 2
25010 0 3
25010 0 1
25085 0 0
25160 0 2
25160 0 3
25235 0 1
25310 0 2
25385 0 3
25460 0 1
25460 0 0
25535 0 2
25610 0 1
25685 0 0
25760 0 2
25760 0 3
25835 0 1
25910 0 0
25910 0 3
25985 0 2
26060 0 1
26060 0 3
26135 0 0
26210 0 2
26210 0 1
26285 0 3
26360 0 2
26360 0 0
26435 0 3
26510 0 1
26585 0 2
26660 0 3
26660 0 0
26735 0 2
26810 0 1
26885 0 0
26960 0 2
26960 0 3
27035 0 0
27035 0 1
27110 0 2
27185 0 1
27260 0 0
27335 0 2
27410 0 1
27410 0 0
27485 0 2
27485 0 3
27560 0 0
27635 0 2
27710 0 1
27785 0 2
27785 0 3
27860 0 1
27860 0 0
27935 0 3
28010 0 2
28085 0 1
28160 2400 0
28760 1800 1
29360 1200 2
30560 0 3
30635 0 2
30710 0 1
30785 0 0
30860 0 2
30860 0 3
30935 0 1
31010 0 2
31085 0 0
31160 0 1
31160 0 3
31235 0 2
31310 0 1
31385 0 3
31460 0 1
31460 0 0
31535 0 2
31610 0 1
31685 0 3
31760 0 2
31760 0 0
31835 0 1
31910 0 2
31985 0 0
32060 0 2
32060 0 3
32135 0 1
32210 0 2
32285 0 0
32360 0 1
32360 0 3
32435 0 2
32510 0 0
32585 0 1
32660 0 0
32660 0 3
32735 0 2
32810 0 1
32885 0 3
32960 0 1
32960 0 0
33035 0 2
33110 0 1
33185 0 3
33260 0 2
33260 0 0
33335 0 1
33410 0 2
33485 0 0
33560 0 2
33560 0 3
33635 0 1
33710 0 2
33785 0 0
33860 0 1
33860 0 3
33935 0 2
34010 0 3
34085 0 0
34160 0 1
34160 0 2
34235 0 3
34310 0 2
34385 0 1
34460 0 0
34460 0 3
34535 0 2
34610 0 1
34685 0 3
34760 0 1
34760 0 0
34835 0 2
34910 0 0
34985 0 1
35060 0 2
35060 0 3
35135 0 1
35210 0 2
35285 0 0
35360 0 1
35360 0 3
35435 0 2
35510 0 0
35585 0 3
35660 0 1
35660 0 0
35735 0 2
35810 0 1
35885 0 3
35960 0 2
35960 0 0
36035 0 1
36110 0 2
36185 0 0
36260 0 2
36260 0 3
36335 0 1
36410 0 2
36485 0 0
36560 0 1
36560 0 2
36635 0 3
36710 0 1
36785 0 2
36860 0 3
36860 0 0
36935 0 2
37010 0 1
37085 0 3
37160 0 0
37160 0 1
37235 0 2
37310 0 0
37385 0 2
37460 0 1
37460 0 3
37535 0 0
37610 0 2
37685 0 1
37760 0 0
37760 0 3
37835 0 2
37910 0 1
37985 0 3
38060 0 1
38060 0 0
38135 0 2
38210 0 0
38285 0 1
38360 0 3
38360 0 2
38435 0 1
38510 0 2
38585 0 0
38660 0 1
38660 0 3
38735 0 2
38810 0 1
38885 0 0
38960 0 2
38960 0 3
39035 0 0
39035 0 1
39110 0 2
39110 0 3
39185 0 1
39185 0 0
39260 0 2
39260 0 3
39335 0 1
39335 0 0
39410 0 2
39410 0 3
39485 0 1
39485 0 0
39560 0 3
39635 0 2
39710 0 0
39785 0 1
39860 0 3
39935 0 2
40010 0 0
40085 0 1
40160 0 2
40160 0 3
40235 0 0
40310 0 2
40385 0 1
40460 0 0
40460 0 3
40535 0 2
40610 0 1
40685 0 0
40760 0 2
40760 0 3
40835 0 1
40910 0 2
40985 0 0
41060 0 1
41060 0 3
41135 0 2
41210 0 1
41285 0 3
41360 0 1
41360 0 0
41435 0 2
41510 0 1
41585 0 0
41660 0 2
41660 0 3
41735 0 1
41810 0 2
41885 0 0
41960 0 1
41960 0 3
42035 0 2
42110 0 0
42185 0 1
42260 0 0
42260 0 3
42335 0 2
42410 0 1
42485 0 0
42560 0 2
42560 0 3
42635 0 1
42710 0 2
42785 0 0
42860 0 1
42860 0 3
42935 0 2
43010 0 1
43085 0 3
43160 0 1
43160 0 0
43235 0 2
43310 0 1
43385 0 0
43460 0 2
43460 0 3
43535 0 1
43610 0 0
43685 0 3
43760 0 1
43760 0 0
43835 0 3
43910 0 1
43910 0 0
43985 0 2
44060 0 3
44135 0 2
44210 0 1
44210 0 0
44285 0 3
44360 0 1
44360 0 0
44435 0 2
44510 0 3
44585 0 2
44660 0 1
44660 0 0
44735 0 3
44810 0 2
44885 0 1
44960 0 0
44960 0 3
45035 0 2
45110 0 1
45185 0 3
45260 0 1
45260 0 0
45335 0 2
45410 0 0
45485 0 1
45560 0 2
45560 0 3
45635 0 0
45710 0 3
45785 0 2
45860 0 3
45860 0 0
45935 0 2
46010 0 1
46085 0 0
46160 0 1
46160 0 3
46235 0 2
46310 0 0
46385 0 1
46460 0 0
46460 0 3
46535 0 2
46610 0 1
46685 0 3
46760 0 1
46760 0 0
46835 0 2
46910 0 1
46985 0 0
47060 0 2
47060 0 3
47135 0 1
47210 0 3
47285 0 0
47360 0 2
47360 0 3
47435 0 1
47510 0 2
47585 0 0
47660 0 1
47660 0 3
47735 0 2
47810 0 0
47885 0 3
47960 0 1
47960 0 0
48035 0 2
48110 0 1
48185 0 0
48260 0 2
48260 0 3
48335 0 1
48410 0 0
48485 0 3
48560 0 0
48635 0 1
48710 0 2
48785 0 3
48860 0 2
48935 0 1
49010 0 0
49085 0 3
49160 0 2
49235 0 1
49310 0 0
49385 0 1
49460 0 2
49535 0 3
49610 0 0
49685 0 2
49760 0 3
49760 1200 1
49835 0 2
49910 0 0
49985 0 3
50060 0 2
50135 0 0
50210 0 3
50285 0 2
50360 0 0
50435 0 3
50510 0 2
50585 0 0
50660 0 3
50735 0 2
50810 0 0
50885 0 2
50960 0 3
50960 0 0
51260 0 0
51260 0 1
51260 0 2
51260 0 3
51560 300 0
51860 300 3
52160 0 1
52160 0 0
52235 0 2
52310 0 1
52385 0 3
52460 0 0
52535 0 3
52610 0 1
52685 0 2
52760 0 3
52835 0 0
52910 0 2
52985 0 1
53060 0 3
53135 0 2
53210 0 1
53285 0 0
53360 0 2
53360 0 3
53435 0 1
53510 0 0
53585 0 3
53660 0 1
53660 0 0
53735 0 2
53810 0 1
53810 0 0
53885 0 3
53960 0 2
54035 0 1
54110 0 2
54110 0 0
54185 0 3
54260 0 1
54335 0 2
54410 0 0
54485 0 1
54560 0 2
54560 0 3
54635 0 0
54710 0 2
54710 0 3
54785 0 1
54860 0 3
54935 0 2
55010 0 1
55085 0 0
55160 0 3
55235 0 1
55310 0 2
55385 0 0
55460 0 1
55535 0 2
55610 0 3
55685 0 2
55760 0 1
55760 0 0
55985 0 1
55985 0 3
55985 0 2
56210 0 1
56210 0 2
56210 450 0
56360 0 3
56510 0 1
56660 0 3
56735 0 2
56810 0 1
56960 0 2
56960 0 3
57035 0 1
57110 0 0
57110 0 2
57185 0 3
57260 0 1
57260 0 0
57335 0 2
57410 0 3
57410 0 1
57485 0 0
57560 0 2
57560 0 3
57635 0 1
57710 0 2
57785 0 3
57860 0 0
57935 0 2
58010 0 1
58085 0 0
58160 0 2
58160 0 3
58235 0 1
58310 0 0
58385 0 1
58460 0 2
58460 0 3
58535 0 0
58610 0 3
58610 0 2
58685 0 1
58760 0 2
58835 0 3
58910 0 1
58910 0 0
58985 0 3
59060 0 2
59135 0 1
59210 0 0
59285 0 3
59360 0 1
59360 0 0
59435 0 2
59510 0 3
59510 0 1
59585 0 0
59660 0 2
59660 0 3
59735 0 1
59810 0 0
59810 0 2
59885 0 3
59960 0 1
59960 0 0
60035 0 3
60110 0 2
60185 0 1
60260 0 0
60260 0 3
60335 0 2
60410 0 1
60485 0 0
60560 0 2
60560 300 3
60860 0 2
60860 0 0
61010 0 1
61010 750 2
61160 0 3
61310 0 0
61385 0 1
61460 0 3
61610 0 1
61760 0 0
61760 0 3
61835 0 1
61910 0 2
61985 0 3
62060 0 1
62060 0 0
62135 0 2
62210 0 3
62285 0 1
62360 0 2
62360 0 3
62435 0 0
62510 0 3
62585 0 2
62660 0 1
62660 0 0
62735 0 2
62810 0 3
62885 0 1
62960 0 0
62960 0 3
63035 0 2
63110 0 1
63185 0 3
63260 0 1
63260 0 0
63335 0 2
63410 0 1
63485 0 3
63560 0 2
63560 0 1
63635 0 0
63710 0 3
63785 0 1
63860 0 2
63860 0 3
63935 0 0
64010 0 3
64085 0 1
64160 0 0
64160 0 3
64235 0 2
64310 0 1
64385 0 2
64460 0 3
64460 0 0
64535 0 1
64610 0 2
64685 0 0
64760 0 2
64760 0 3
64835 0 1
64910 0 3
64985 0 2
65060 0 1
65060 0 0
65135 0 3
65210 0 1
65285 0 2
65360 0 3
65360 0 0
65435 0 1
65510 0 2
65585 0 0
65660 0 1
65660 0 3
65735 0 2
65810 0 3
65885 0 1
65960 0 0
65960 0 3
66035 0 2
66110 0 1
66185 0 3
66260 0 1
66260 0 0
66335 0 2
66410 0 1
66485 0 3
66560 0 1
66560 0 0
66635 0 2
66710 0 3
66785 0 0
66860 0 2
66860 0 3
66935 0 1
67010 0 2
67085 0 0
67160 0 1
67160 0 3
67235 0 2
67310 0 3
67385 0 0
67460 0 1
67460 0 2
67535 0 3
67610 0 2
67685 0 1
67760 0 0
67760 0 3
67835 0 2
67910 0 1
67985 0 0
68060 0 2
68060 0 3
68135 0 1
68210 0 2
68285 0 0
68360 0 1
68360 0 3
68435 0 2
68510 0 3
68585 0 1
68660 0 2
68660 0 0
68735 0 3
68810 0 2
68885 0 1
68960 0 0
68960 0 3
69035 0 2
69110 0 3
69185 0 1
69260 0 3
69260 0 0
69335 0 2
69410 0 1
69485 0 3
69560 0 1
69560 0 0
69635 0 2
69710 0 3
69785 0 1
69860 0 0
69860 0 3
69935 0 2
70010 0 1
70085 0 0
70160 0 2
70160 0 3
70235 0 1
70235 0 0
70310 0 2
70385 0 3
70460 0 1
70535 0 0
70610 0 2
70610 0 3
70685 0 1
70685 0 0
70760 0 2
70835 0 3
70910 0 1
70985 0 2
70985 0 3
71060 0 1
71060 0 0
71135 0 3
71210 0 2
71285 0 1
71360 0 0
71360 0 3
71435 0 2
71510 0 1
71585 0 0
71660 0 2
71735 0 3
71810 0 1
71885 0 2
71960 0 0
72035 0 1
72110 0 2
72185 0 3
72260 0 2
72335 0 1
72410 0 0
72485 0 2
72560 0 1
72560 0 0
72635 0 3
72710 0 2
72785 0 1
72860 0 2
72860 0 3
72935 0 0
73010 0 2
73010 0 3
73085 0 1
73160 0 2
73235 0 3
73310 0 1
73310 0 0
73385 0 3
73460 0 2
73535 0 1
73610 0 0
73685 0 2
73760 0 3
73760 0 0
73835 0 1
73910 0 2
73985 0 3
74060 0 1
74135 0 2
74210 0 0
74285 0 3
74360 0 2
74435 0 1
74510 0 3
74585 0 0
74660 0 2
74735 0 1
74810 0 0
74885 0 3
74960 0 2
74960 0 1
74960 0 0
75185 0 3
75185 0 1
75185 0 0
75410 0 2
75410 0 1
75410 450 3
75560 0 1
75560 0 0
75710 0 0
75710 0 1
75860 0 2
76010 0 1
76010 0 0
76160 0 2
76160 0 3
76235 0 1
76310 0 0
76385 0 3
76460 0 1
76460 0 0
76535 0 2
76610 0 3
76685 0 1
76760 0 0
76760 0 3
76835 0 2
76910 0 1
76985 0 0
77060 0 2
77060 0 3
77135 0 1
77210 0 3
77285 0 0
77360 0 2
77360 0 3
77435 0 1
77510 0 3
77585 0 0
77660 0 2
77660 0 3
77735 0 1
77810 0 2
77810 0 3
77885 0 0
77960 0 2
78035 0 3
78110 0 1
78110 0 0
78185 0 3
78260 0 2
78335 0 1
78410 0 0
78485 0 2
78560 0 3
78560 0 0
78635 0 1
78710 0 2
78785 0 3
78860 0 1
78860 0 0
78935 0 2
79010 0 1
79085 0 0
79160 0 2
79160 0 3
79235 0 1
79310 0 3
79385 0 0
79460 0 1
79460 0 2
79535 0 3
79610 0 0
79685 0 2
79760 0 1
79760 300 0
79910 0 2
79910 0 3
80060 0 1
80210 0 3
80210 450 2
80360 0 1
80510 0 0
80660 0 1
80735 0 0
80810 0 2
80810 0 3
80960 0 1
80960 450 0
81110 0 2
81110 0 3
81260 0 2
81260 0 3
81410 450 1
81560 0 0
81560 0 3
81710 0 0
81710 0 3
81860 300 2
82010 0 1
82010 0 3
82160 450 0
82310 0 2
82310 0 3
82460 0 3
82460 0 2
82610 450 1
82760 0 2
82760 0 0
82910 0 2
82910 0 0
83060 300 3
83210 0 1
83210 0 2
83360 450 0
83510 0 1
83510 0 3
83660 0 1
83660 0 3
83810 450 2
83960 0 1
83960 0 3
84110 0 1
84110 0 3
84260 300 1
84410 0 2
84410 0 0
84560 0 2
84560 900 3
84710 0 1
84860 0 0
85010 0 1
85160 0 2
85310 0 0
85460 0 1
85610 0 2
85760 0 3
85760 0 0
85910 0 2
86060 0 1
86060 0 0
86210 0 2
86210 0 3
86360 0 1
86360 300 0
86510 0 2
86660 0 3
86810 0 1
86960 300 2
87110 0 1
87110 0 3
87260 0 0
87410 450 1
87560 0 0
87560 0 2
87710 0 0
87710 0 2
87860 300 3
88010 0 1
88010 0 2
88160 300 0
88310 0 1
88460 0 2
88610 0 3
88610 450 1
88760 0 2
88910 0 0
89060 0 2
89060 300 3
89210 0 0
89360 0 1
89360 300 2
89660 0 0
89660 0 1
89810 0 1
89810 0 3
89960 0 1
89960 600 2
90110 0 0
90260 0 3
90410 0 1
90560 0 0
90560 0 3
90710 0 1
90860 0 2
90860 300 3
90935 0 0
91010 0 1
91160 300 2
91310 0 0
91460 0 1
91535 0 3
91610 0 2
91610 450 0
91760 0 3
91910 0 1
92060 300 1
92060 0 3
92135 0 2
92210 0 0
92360 300 3
92360 0 2
92510 0 0
92660 0 1
92660 300 2
92735 0 0
92810 0 1
92960 0 0
92960 300 3
93110 0 2
93260 0 0
93335 0 2
93410 0 3
93410 450 1
93560 0 2
93710 0 0
93860 0 3
93860 300 2
93935 0 0
94010 0 1
94160 0 3
94160 450 0
94310 0 1
94460 0 3
94535 0 2
94610 0 1
94610 450 3
94760 0 2
94910 0 0
95060 0 2
95210 0 1
95360 450 0
95360 0 3
95510 0 2
95660 0 1
95735 0 3
95810 450 2
95960 0 3
96110 0 0
96260 0 3
96260 300 1
96335 0 0
96410 0 2
96560 300 3
96710 0 0
96860 0 1
96860 300 2
96935 0 0
97010 0 3
97160 300 1
97310 0 3
97460 0 2
97460 300 0
97535 0 3
97610 0 1
97760 0 3
97760 450 2
97910 0 1
98060 0 0
98135 0 3
98210 450 1
98360 0 3
98510 0 2
98660 0 0
98660 300 3
98735 0 2
98810 0 1
98960 0 0
98960 450 2
99110 0 1
99260 0 3
99335 0 1
99410 450 0
99560 0 3
99635 0 2
99710 0 1
99785 0 2
99860 0 3
99935 0 2
100010 0 1
100085 0 0
100160 0 2
100160 0 3
100310 0 1
100460 0 2
100460 300 0
100535 0 3
100610 0 2
100760 300 1
100760 0 3
100910 0 0
101060 300 2
101060 0 3
101135 0 0
101210 0 1
101360 300 3
101360 0 0
101510 0 2
101660 0 0
101735 0 1
101810 450 2
101960 0 0
102110 0 3
102260 300 1
102260 0 0
102335 0 3
102410 0 2
102560 450 0
102560 0 3
102710 0 2
102860 0 1
102935 0 2
103010 450 3
103160 0 2
103310 0 0
103460 300 1
103460 0 2
103535 0 0
103610 0 3
103760 300 2
103910 0 0
104060 0 3
104135 0 1
104210 0 0
104360 300 3
104360 0 2
104510 0 1
104660 300 2
104660 0 0
104735 0 1
104810 0 0
104960 300 1
104960 0 3
105110 0 2
105260 0 0
105335 0 2
105410 450 3
105560 0 1
105710 0 0
105860 300 2
105860 0 1
105935 0 0
106010 0 3
106160 450 0
106310 0 1
106460 0 3
106535 0 2
106610 450 1
106760 0 3
106910 0 0
107060 300 2
107060 0 3
107135 0 0
107210 0 1
107360 0 1
107360 0 0
107435 0 3
107510 0 2
107585 0 1
107660 0 0
107735 0 1
107810 0 2
107810 0 3
107885 0 0
107960 0 1
108035 0 2
108110 0 3
108185 0 2
108260 0 1
108260 0 0
108335 0 2
108410 0 1
108410 0 3
108485 0 0
108560 0 2
108560 0 3
108860 300 0
109160 300 1
109460 300 2
109760 450 3
109760 0 0
109760 0 1
110060 0 0
110060 0 1
110210 450 2
110360 0 0
110360 0 1
110660 300 3
110660 0 1
110660 0 0
110960 0 0
110960 0 1
110960 0 2
111110 0 3
111260 0 1
111260 0 0
111560 300 2
111560 0 3
111860 300 1
111860 0 0
112160 450 0
112160 0 2
112160 0 3
112460 0 2
112460 0 3
112610 450 1
112760 0 2
112760 0 3
113060 300 0
113060 0 2
113060 0 3
113360 0 1
113360 0 3
113360 0 2
113510 0 0
113660 0 2
113660 0 3
113960 300 0
113960 0 1
113960 0 2
114260 300 3
114260 0 1
114260 0 2
114560 300 0
114560 0 1
114560 0 2
114860 0 1
114860 0 3
114860 0 2
115010 450 1
115160 0 0
115160 0 2
115160 0 3
115460 300 0
115460 0 2
115460 0 3
115760 300 1
115760 0 2
115760 0 3
116060 0 2
116060 0 3
116060 0 0
116210 450 2
116360 0 0
116360 0 1
116360 0 3
116660 300 3
116660 0 1
116660 0 0
116960 450 0
116960 0 1
116960 0 2
117260 0 1
117260 0 2
117260 0 3
117410 450 1
117560 0 2
117560 0 3
117560 0 0
117860 300 2
117860 0 0
117860 0 3
118160 0 1
118160 0 0
118160 0 3
118310 0 2
118385 0 0
118460 0 1
118535 0 2
118610 0 3
118685 0 1
118760 0 2
118760 0 3
118835 0 1
118910 0 0
118985 0 2
119060 0 3
119060 0 0
119135 0 2
119210 0 1
119285 0 0
119360 450 3
119360 0 1
119510 0 0
119660 0 1
119735 0 0
119810 450 2
119810 0 1
119960 0 0
120110 0 1
120260 300 3
120260 0 0
120335 0 1
120410 0 0
120560 300 2
120560 0 1
120710 0 0
120860 0 1
120935 0 0
121010 0 1
121160 0 0
121160 0 3
121310 0 2
121460 0 1
121460 0 3
121610 0 2
121760 450 1
121760 0 3
121910 0 2
122060 0 3
122135 0 2
122210 450 0
122210 0 3
122360 0 2
122510 0 3
122660 300 1
122660 0 2
122735 0 3
122810 0 2
122960 0 3
122960 0 0
123110 450 1
123110 0 2
123260 0 3
123335 0 2
123410 0 3
123485 0 2
123560 0 3
123635 0 2
123710 0 1
123785 0 0
123860 0 2
123860 0 3
123935 0 1
124010 0 2
124085 0 0
124160 0 1
124160 0 2
124160 0 3
124460 0 0
124460 0 1
124460 0 2
124610 450 2
124610 0 1
124610 0 0
125060 0 1
125060 0 0
125060 0 3
125360 300 1
125360 300 2
125360 0 0
125360 0 3
125960 0 2
125960 0 1
125960 0 3
126260 0 1
126260 0 0
126260 0 2
126560 0 2
126560 225 1
126560 300 3
126785 225 0
126860 0 2
127010 1350 2
127010 300 1
127310 0 3
127460 0 0
127610 0 3
127760 225 1
127760 0 0
127985 225 3
128210 300 0
128510 0 2
128510 0 3
128660 0 3
128660 0 1
128810 0 0
128810 0 2
128960 0 0
128960 225 1
129185 225 2
129185 0 3
129410 300 0
129410 0 1
129560 0 3
129635 0 1
129710 0 2
129860 0 1
129860 0 3
130010 0 1
130010 0 2
130160 0 0
130160 225 3
130385 225 0
130385 0 1
130610 300 3
130610 0 2
130835 0 1
130910 0 2
131060 0 0
131060 0 1
131210 0 2
131210 0 3
131360 0 1
131360 225 0
131585 225 3
131585 0 2
131810 300 0
131810 0 2
131960 0 1
132035 0 2
132110 0 3
132260 0 1
132260 0 2
132410 0 0
132410 0 2
132560 0 3
132560 225 0
132785 225 3
132785 0 2
133010 0 1
133010 300 0
133235 0 3
133310 0 2
133460 0 1
133460 0 3
133610 0 1
133610 0 2
133760 0 0
133760 0 1
133760 225 3
133985 225 2
134060 0 1
134060 0 0
134210 300 1
134360 0 3
134360 0 0
134510 0 2
134660 0 3
134660 0 1
134810 0 2
134810 0 0
134960 0 2
134960 0 3
134960 225 1
135110 0 2
135110 0 3
135185 225 0
135410 0 2
135410 0 3
135410 300 1
135560 0 2
135560 0 3
135710 0 0
135860 0 1
135860 0 2
135860 0 3
136010 0 2
136160 0 3
136160 225 0
136310 0 1
136385 225 3
136460 0 2
136535 0 1
136610 300 0
136760 0 2
136910 0 3
137060 0 1
137060 0 2
137135 0 0
137135 0 3
137210 0 2
137210 0 1
137360 0 3
137410 0 2
137460 0 1
137510 0 0
137560 0 2
137610 0 3
137660 0 1
137710 0 2
137760 0 0
137810 0 1
137860 0 2
137910 0 3
137960 0 0
137960 0 1
138110 0 2
138110 0 3
138260 0 2
138260 0 1
138410 0 0
138410 0 2
138560 0 3
138610 0 0
138660 0 1
138710 0 2
138760 0 3
138810 0 1
138860 0 2
138910 0 0
138960 0 1
139010 0 2
139060 0 3
139110 0 2
139160 0 1
139210 0 0
139260 0 3
139310 0 2
139460 0 1
139460 0 3
139610 0 2
139610 0 0
139760 0 2
139760 0 3
139835 0 1
139835 0 0
139910 0 2
139910 0 3
139985 0 1
139985 0 0
140060 0 3
140135 0 2
140210 0 1
140285 0 0
140360 0 3
140360 0 2
140435 0 0
140435 0 1
140510 0 3
140585 0 1
140660 0 0
140660 0 3
140735 0 2
140735 0 1
140810 0 0
140885 0 3
140960 0 1
140960 225 0
141185 225 1
141260 0 2
141335 0 3
141410 300 2
141410 0 0
141560 0 3
141710 0 1
141860 0 2
141860 0 3
141935 0 1
142010 0 2
142010 0 0
142160 0 1
142160 0 3
142235 0 2
142310 0 3
142310 0 0
142385 0 1
142460 0 2
142460 0 3
142535 0 1
142610 0 0
142610 0 2
142685 0 3
142760 0 0
142760 0 1
142835 0 2
142910 0 1
142910 0 3
142985 0 0
143060 0 2
143060 0 3
143135 0 1
143210 0 0
143210 0 2
143285 0 3
143360 0 1
143360 0 0
143510 0 1
143510 0 2
143660 0 3
143660 0 2
143810 0 2
143810 0 1
143810 0 0
143960 0 1
143960 0 2
143960 0 3
144110 0 1
144110 0 0
144110 0 3
144260 0 0
144260 0 3
144260 0 2
144410 0 1
144485 0 2
144560 0 3
144560 0 0
144860 900 0
144860 900 1
144860 900 2
144860 900 3